 idcliente 
1634
2431
2631
3806
3870
1903
2655
485
2293
2364
3426
58
784
1933
2350
3934
2415
3092
1265
2147
2469
1869
3642
2921
932
3170
2311
1768
3375
3022
2297
601
3697
3864
1471
3778
2124
2235
223
3488
3126
2284
1034
805
2315
2337
2193
2963
572
1310
64
3229
4
3754
1026
2076
2484
1214
3957
2927
2476
2230
937
3434
972
1249
666
147
2155
211
2567
2452
2904
1260
2445
1939
1413
2432
3819
517
3182
754
69
2268
67
1023
508
1485
1573
527
2925
639
3210
980
2844
2814
215
3576
2496
2744
3454
3660
2032
2648
1280
2753
2460
3592
3113
3664
730
2229
1531
1515
3196
599
1767
266
1619
1202
3152
2068
3817
868
1801
3191
489
760
2964
2477
2605
3841
1729
555
2140
2929
3468
3818
3441
1676
3158
3831
3857
442
2009
660
1044
1175
742
