2224
1993
1052
442
271
601
3000
1834
2305
133
41
2948
1940
1392
1346
960
698
583
121
1795
883
45
1247
1131
2565
445
2983
1587
1515
1939
987
1980
301
2539
2427
1148
613
1379
2896
2089
1856
2414
702
1986
1494
405
2823
2171
1626
2086
185
2798
1615
1792
655
1531
878
1160
815
2704
198
798
2892
490
270
925
1140
2450
68
2138
98
939
2526
1759
2361
2038
456
1119
1012
485
525
628
115
1457
1058
1498
1298
934
2273
2564
1999
2957
151
2968
1462
809
1662
487
1646
2964
486
1992
395
244
1532
903
933
1489
224
540
2971
1263
888
144
